,url,timestamp_start,timestamp_finish,n_segment,t_download_s,body_size_byte,bandwidth_mbit,byte_start,byte_end,seg_len_s,t_start,t_end,quality_level_chosen,bitrate_level,vmaf_level,previous_bitrate,previous_vmaf,previous_quality,quality_shift_byte_-2,quality_shift_vmaf_-2,quality_shift_bitrate_-2,quality_shift_byte_-1,quality_shift_vmaf_-1,quality_shift_bitrate_-1,quality_shift_byte_0,quality_shift_vmaf_0,quality_shift_bitrate_0,quality_shift_byte_1,quality_shift_vmaf_1,quality_shift_bitrate_1,quality_shift_byte_2,quality_shift_vmaf_2,quality_shift_bitrate_2,quality_shift,buffer_estimate_0,rebuffer_estimate_0
0,https://fastly.tubi.video/8084ee92-eeaa-493f-850f-8512a88c2b22/cdtd3n54/segment-0.ts,1576429639.731,1576429641.1069999,0,1.352,322405,1.9077218934911242,0,0,4.045711,0.0,4.05,0,672870.0,64.52179787499999,0.0,0.0,0.0,340280.0,64.52179787499999,672870.0,340280.0,64.52179787499999,672870.0,340280.0,64.52179787499999,672870.0,689208.0,78.67742600000003,1362841.0,1320888.0,100.0,2611927.0,0.0,0.0,2.36299991607666
1,https://fastly.tubi.video/8084ee92-eeaa-493f-850f-8512a88c2b22/cdtd3n54/segment-1.ts,1576429641.188,1576429647.327,1,5.8740000000000006,323180,0.4401498127340823,0,0,4.0791,4.05,8.13,0,667362.0,86.16061088607593,,,,,,,,,,,,,,,,,,,,,
2,https://fastly.tubi.video/8084ee92-eeaa-493f-850f-8512a88c2b22/cdtd3n54/segment-2.ts,1576429647.357,1576429647.551,2,0.179,73862,3.3010949720670393,0,0,2.105744,8.12,10.23,0,355689.0,76.269712,,,,,,,,,,,,,,,,,,,,,
3,https://fastly.tubi.video/8084ee92-eeaa-493f-850f-8512a88c2b22/cdtd3n54/segment-3.ts,1576429647.57,1576429648.5579998,3,0.924,351700,3.0450216450216443,0,0,4.066389,10.23,14.3,0,740462.0,71.79209316455695,,,,,,,,,,,,,,,,,,,,,
4,https://fastly.tubi.video/8084ee92-eeaa-493f-850f-8512a88c2b22/cdtd3n54/segment-4.ts,1576429648.577,1576429649.0059998,4,0.383,149838,3.12977545691906,0,0,4.076555,14.3,18.38,0,329618.0,84.499294375,,,,,,,,,,,,,,,,,,,,,
5,https://fastly.tubi.video/8084ee92-eeaa-493f-850f-8512a88c2b22/cdtd3n54/segment-5.ts,1576429649.03,1576429649.184,5,0.10400000000000001,47989,3.691461538461538,0,0,2.084722,18.37,20.45,0,230982.0,85.98977575,,,,,,,,,,,,,,,,,,,,,
6,https://fastly.tubi.video/8084ee92-eeaa-493f-850f-8512a88c2b22/cdtd3n54/segment-6.ts,1576429649.202,1576429649.372,6,0.116,54980,3.791724137931034,0,0,2.9007560000000003,20.46,23.36,0,200135.0,85.98977575,,,,,,,,,,,,,,,,,,,,,
7,https://fastly.tubi.video/8084ee92-eeaa-493f-850f-8512a88c2b22/cdtd3n54/segment-7.ts,1576429649.383,1576429649.978,7,0.548,207988,3.036321167883211,0,0,4.071922,23.36,27.43,0,443969.0,84.32160387499997,,,,,,,,,,,,,,,,,,,,,
8,https://fastly.tubi.video/8084ee92-eeaa-493f-850f-8512a88c2b22/cdtd3n54/segment-8.ts,1576429649.99,1576429650.317,8,0.281,103386,2.9433736654804266,0,0,3.247922,27.43,30.68,0,297287.0,75.90858253164555,,,,,,,,,,,,,,,,,,,,,
9,https://fastly.tubi.video/8084ee92-eeaa-493f-850f-8512a88c2b22/cdtd3n54/segment-9.ts,1576429650.326,1576429651.6629999,9,1.2750000000000001,289146,1.8142494117647059,0,0,4.0707889999999995,30.68,34.75,0,603700.0,77.69573724999998,,,,,,,,,,,,,,,,,,,,,
10,https://fastly.tubi.video/8084ee92-eeaa-493f-850f-8512a88c2b22/cdtd3n54/segment-10.ts,1576429651.679,1576429652.375,10,0.629,170967,2.1744610492845786,0,0,4.080955,34.75,38.83,0,378123.0,85.53056562500002,,,,,,,,,,,,,,,,,,,,,
11,https://fastly.tubi.video/8084ee92-eeaa-493f-850f-8512a88c2b22/cdtd3n54/segment-11.ts,1576429652.387,1576429652.569,11,0.124,43575,2.811290322580645,0,0,2.0659,38.83,40.9,0,222771.0,71.96141139240507,,,,,,,,,,,,,,,,,,,,,
12,https://fastly.tubi.video/8084ee92-eeaa-493f-850f-8512a88c2b22/cdtd3n54/segment-12.ts,1576429652.576,1576429653.365,12,0.72,206181,2.2909,0,0,3.1971220000000002,40.9,44.1,0,550395.0,71.96141139240507,,,,,,,,,,,,,,,,,,,,,
13,https://fastly.tubi.video/8084ee92-eeaa-493f-850f-8512a88c2b22/cdtd3n54/segment-13.ts,1576429653.377,1576429653.589,13,0.156,63876,3.275692307692308,0,0,3.3991,44.09,47.49,0,192032.0,86.49277562499996,,,,,,,,,,,,,,,,,,,,,
14,https://fastly.tubi.video/8084ee92-eeaa-493f-850f-8512a88c2b22/cdtd3n54/segment-14.ts,1576429653.6,1576429654.839,14,1.187,356325,2.4015164279696712,0,0,3.5821440000000004,47.49,51.07,0,827124.0,33.75696025000001,,,,,,,,,,,,,,,,,,,,,
15,https://fastly.tubi.video/8084ee92-eeaa-493f-850f-8512a88c2b22/cdtd3n54/segment-15.ts,1576429654.857,1576429655.802,15,0.886,263023,2.3749255079006772,0,0,2.870389,51.07,53.94,0,763949.0,33.75696025000001,,,,,,,,,,,,,,,,,,,,,
16,https://fastly.tubi.video/8084ee92-eeaa-493f-850f-8512a88c2b22/cdtd3n54/segment-16.ts,1576429655.819,1576429657.057,16,1.185,372928,2.5176573839662444,0,0,4.064767,53.95,58.01,0,764438.0,35.85007287499999,,,,,,,,,,,,,,,,,,,,,
17,https://fastly.tubi.video/8084ee92-eeaa-493f-850f-8512a88c2b22/cdtd3n54/segment-17.ts,1576429657.081,1576429658.9680002,17,1.822,324715,1.4257519209659713,0,0,3.282467,58.01,61.29,0,821996.0,11.853983499999998,,,,,,,,,,,,,,,,,,,,,
18,https://fastly.tubi.video/8084ee92-eeaa-493f-850f-8512a88c2b22/cdtd3n54/segment-18.ts,1576429659.007,1576429660.379,18,1.348,209422,1.242860534124629,0,0,2.580622,61.29,63.87,0,691207.0,11.853983499999998,,,,,,,,,,,,,,,,,,,,,
19,https://fastly.tubi.video/8084ee92-eeaa-493f-850f-8512a88c2b22/cdtd3n54/segment-19.ts,1576429660.395,1576429661.968,19,1.5350000000000001,340095,1.7724820846905536,0,0,4.076867,63.87,67.95,0,697241.0,31.362970875,,,,,,,,,,,,,,,,,,,,,
20,https://fastly.tubi.video/8084ee92-eeaa-493f-850f-8512a88c2b22/cdtd3n54/segment-20.ts,1576429661.979,1576429663.4710002,20,1.468,349417,1.9041798365122615,0,0,3.586533,67.95,71.54,0,812693.0,28.07442341772152,,,,,,,,,,,,,,,,,,,,,
21,https://fastly.tubi.video/8084ee92-eeaa-493f-850f-8512a88c2b22/cdtd3n54/segment-21.ts,1576429663.483,1576429665.117,21,1.595,352719,1.7691235109717869,0,0,3.6255330000000003,71.54,75.17,0,817226.0,16.825970749999993,,,,,,,,,,,,,,,,,,,,,
22,https://fastly.tubi.video/8084ee92-eeaa-493f-850f-8512a88c2b22/cdtd3n54/segment-22.ts,1576429665.146,1576429666.827,22,1.347,343448,2.039780252412769,0,0,4.076878,75.16,79.24,0,709044.0,28.772116875000005,,,,,,,,,,,,,,,,,,,,,
23,https://fastly.tubi.video/8084ee92-eeaa-493f-850f-8512a88c2b22/cdtd3n54/segment-23.ts,1576429666.845,1576429667.943,23,1.063,239494,1.8024007525870178,0,0,2.5438330000000002,79.24,81.78,0,786340.0,24.191610379746837,,,,,,,,,,,,,,,,,,,,,
24,https://fastly.tubi.video/8084ee92-eeaa-493f-850f-8512a88c2b22/cdtd3n54/segment-24.ts,1576429667.956,1576429669.1490002,24,1.131,376655,2.664226348364279,0,0,4.086511,81.78,85.87,0,772148.0,33.683272125000016,,,,,,,,,,,,,,,,,,,,,
25,https://fastly.tubi.video/8084ee92-eeaa-493f-850f-8512a88c2b22/cdtd3n54/segment-25.ts,1576429669.16,1576429670.006,25,0.795,270977,2.726812578616352,0,0,2.905634,85.87,88.78,0,779528.0,22.04470506329115,,,,,,,,,,,,,,,,,,,,,
26,https://fastly.tubi.video/8084ee92-eeaa-493f-850f-8512a88c2b22/cdtd3n54/segment-26.ts,1576429670.021,1576429671.191,26,1.122,313169,2.2329340463458105,0,0,3.200933,88.77,91.97,0,820380.0,21.512993125,,,,,,,,,,,,,,,,,,,,,
27,https://fastly.tubi.video/8084ee92-eeaa-493f-850f-8512a88c2b22/cdtd3n54/segment-27.ts,1576429671.208,1576429672.059,27,0.66,231492,2.805963636363636,0,0,4.070222,91.98,96.05,0,816937.0,45.99915175,,,,,,,,,,,,,,,,,,,,,
28,https://fastly.tubi.video/8084ee92-eeaa-493f-850f-8512a88c2b22/cdtd3n54/segment-28.ts,1576429672.07,1576429672.734,28,0.612,262083,3.425921568627451,0,0,4.080389,96.05,100.13,0,594064.0,87.76531974683546,,,,,,,,,,,,,,,,,,,,,
29,https://fastly.tubi.video/8084ee92-eeaa-493f-850f-8512a88c2b22/jaq09p16/segment-29.ts,1576429672.797,1576429673.198,29,0.353,118583,2.6874334277620395,0,0,2.065345,100.13,102.2,1,332085.0,60.84877275,,,,,,,,,,,,,,,,,,,,,
30,https://fastly.tubi.video/8084ee92-eeaa-493f-850f-8512a88c2b22/jaq09p16/segment-30.ts,1576429673.228,1576429675.082,30,1.799,564052,2.508291272929405,0,0,4.030722,102.19,106.22,1,1433915.0,15.509853924050635,,,,,,,,,,,,,,,,,,,,,
31,https://fastly.tubi.video/8084ee92-eeaa-493f-850f-8512a88c2b22/jaq09p16/segment-31.ts,1576429675.113,1576429676.5279999,31,1.352,455707,2.696491124260355,0,0,2.669244,106.22,108.89,1,1190101.0,11.617968375000006,,,,,,,,,,,,,,,,,,,,,
32,https://fastly.tubi.video/8084ee92-eeaa-493f-850f-8512a88c2b22/jaq09p16/segment-32.ts,1576429676.555,1576429678.71,32,2.104,657939,2.501669201520912,0,0,3.5304,108.89,112.42,1,1527686.0,47.84004582278482,,,,,,,,,,,,,,,,,,,,,
33,https://fastly.tubi.video/8084ee92-eeaa-493f-850f-8512a88c2b22/jaq09p16/segment-33.ts,1576429678.751,1576429680.316,33,1.477,541165,2.931157752200406,0,0,3.365589,112.42,115.79,1,1323645.0,50.64413174999999,,,,,,,,,,,,,,,,,,,,,
34,https://fastly.tubi.video/8084ee92-eeaa-493f-850f-8512a88c2b22/jaq09p16/segment-34.ts,1576429680.337,1576429682.485,34,2.088,702274,2.6907049808429115,0,0,4.072356,115.79,119.86,1,1413015.0,37.919178499999994,,,,,,,,,,,,,,,,,,,,,
35,https://fastly.tubi.video/8084ee92-eeaa-493f-850f-8512a88c2b22/jaq09p16/segment-35.ts,1576429682.507,1576429684.17,35,1.616,499909,2.47479702970297,0,0,2.789556,119.86,122.65,1,1476203.0,6.541522658227849,,,,,,,,,,,,,,,,,,,,,
36,https://fastly.tubi.video/8084ee92-eeaa-493f-850f-8512a88c2b22/jaq09p16/segment-36.ts,1576429684.188,1576429686.909,36,2.573,679665,2.1132219199378155,0,0,4.076822,122.65,126.73,1,1370149.0,15.153991,,,,,,,,,,,,,,,,,,,,,
37,https://fastly.tubi.video/8084ee92-eeaa-493f-850f-8512a88c2b22/jaq09p16/segment-37.ts,1576429686.926,1576429689.7710001,37,2.777,700396,2.017705437522506,0,0,4.086989,126.73,130.82,1,1407956.0,22.299237468354427,,,,,,,,,,,,,,,,,,,,,
38,https://fastly.tubi.video/8084ee92-eeaa-493f-850f-8512a88c2b22/jaq09p16/segment-38.ts,1576429689.792,1576429691.31,38,1.3960000000000001,361171,2.069747851002865,0,0,2.030245,130.81,132.84,1,1471223.0,24.472970625,,,,,,,,,,,,,,,,,,,,,
39,https://fastly.tubi.video/8084ee92-eeaa-493f-850f-8512a88c2b22/jaq09p16/segment-39.ts,1576429691.326,1576429693.937,39,2.543,694432,2.1846071569012975,0,0,4.083756,132.84,136.92,1,1391393.0,19.277611625,,,,,,,,,,,,,,,,,,,,,
40,https://fastly.tubi.video/8084ee92-eeaa-493f-850f-8512a88c2b22/jaq09p16/segment-40.ts,1576429693.956,1576429696.3960001,40,2.386,693271,2.3244626990779547,0,0,4.0707,136.93,141.0,1,1401767.0,30.59892835443037,,,,,,,,,,,,,,,,,,,,,
41,https://fastly.tubi.video/8084ee92-eeaa-493f-850f-8512a88c2b22/jaq09p16/segment-41.ts,1576429696.42,1576429697.67,41,1.197,355339,2.374863826232247,0,0,2.078867,141.0,143.08,1,1413662.0,42.921065000000006,,,,,,,,,,,,,,,,,,,,,
42,https://fastly.tubi.video/8084ee92-eeaa-493f-850f-8512a88c2b22/jaq09p16/segment-42.ts,1576429697.69,1576429700.068,42,2.322,683377,2.354442721791559,0,0,4.0859559999999995,143.08,147.17,1,1372976.0,14.935607088607588,,,,,,,,,,,,,,,,,,,,,
43,https://fastly.tubi.video/8084ee92-eeaa-493f-850f-8512a88c2b22/jaq09p16/segment-43.ts,1576429700.09,1576429702.468,43,2.324,711935,2.450722891566265,0,0,4.0729,147.16,151.23,1,1430552.0,24.16562862499999,,,,,,,,,,,,,,,,,,,,,
44,https://fastly.tubi.video/8084ee92-eeaa-493f-850f-8512a88c2b22/jaq09p16/segment-44.ts,1576429702.497,1576429703.652,44,1.098,350120,2.550965391621129,0,0,2.081067,151.24,153.32,1,1389041.0,34.50625569620253,,,,,,,,,,,,,,,,,,,,,
45,https://fastly.tubi.video/8084ee92-eeaa-493f-850f-8512a88c2b22/jaq09p16/segment-45.ts,1576429703.666,1576429705.869,45,2.149,682893,2.542179618427175,0,0,4.064934,153.32,157.38,1,1380076.0,66.11480712500001,,,,,,,,,,,,,,,,,,,,,
46,https://fastly.tubi.video/8084ee92-eeaa-493f-850f-8512a88c2b22/jaq09p16/segment-46.ts,1576429705.899,1576429706.939,46,0.986,318348,2.5829452332657197,0,0,2.114811,157.38,159.49,1,1241710.0,60.68180699999999,,,,,,,,,,,,,,,,,,,,,
47,https://fastly.tubi.video/8084ee92-eeaa-493f-850f-8512a88c2b22/jaq09p16/segment-47.ts,1576429706.952,1576429709.52,47,2.5,740478,2.3695296,0,0,4.033745,159.5,163.53,1,1504095.0,56.301345949367075,,,,,,,,,,,,,,,,,,,,,
48,https://fastly.tubi.video/8084ee92-eeaa-493f-850f-8512a88c2b22/jaq09p16/segment-48.ts,1576429709.544,1576429711.4629998,48,1.86,493974,2.1246193548387096,0,0,2.815889,163.53,166.35,1,1436761.0,50.88256450000002,,,,,,,,,,,,,,,,,,,,,
49,https://fastly.tubi.video/8084ee92-eeaa-493f-850f-8512a88c2b22/jaq09p16/segment-49.ts,1576429711.48,1576429713.897,49,2.363,667826,2.2609428692340243,0,0,4.0799330000000005,166.35,170.43,1,1345512.0,17.650442405063288,,,,,,,,,,,,,,,,,,,,,
50,https://fastly.tubi.video/8084ee92-eeaa-493f-850f-8512a88c2b22/jaq09p16/segment-50.ts,1576429713.919,1576429718.1369998,50,4.005,573166,1.1449008739076154,0,0,3.274421,170.43,173.7,1,1441339.0,38.347988875,,,,,,,,,,,,,,,,,,,,,
51,https://fastly.tubi.video/8084ee92-eeaa-493f-850f-8512a88c2b22/jaq09p16/segment-51.ts,1576429718.171,1576429722.435,51,4.24,684144,1.2908377358490566,0,0,4.074056,173.7,177.77,1,1376986.0,24.79925487500001,,,,,,,,,,,,,,,,,,,,,
52,https://fastly.tubi.video/8084ee92-eeaa-493f-850f-8512a88c2b22/cdtd3n54/segment-52.ts,1576429722.461,1576429725.507,52,3.019,369698,0.9796568400132493,0,0,4.084223000000001,177.77,181.85,0,754904.0,17.194256708860753,,,,,,,,,,,,,,,,,,,,,
53,https://fastly.tubi.video/8084ee92-eeaa-493f-850f-8512a88c2b22/cdtd3n54/segment-53.ts,1576429725.525,1576429726.365,53,0.5640000000000001,180513,2.5604680851063826,0,0,2.069178,181.86,183.93,0,745757.0,11.447293125000002,,,,,,,,,,,,,,,,,,,,,
54,https://fastly.tubi.video/8084ee92-eeaa-493f-850f-8512a88c2b22/cdtd3n54/segment-54.ts,1576429726.375,1576429727.029,54,0.603,213581,2.8335787728026536,0,0,2.407923,183.93,186.34,0,750774.0,11.447293125000002,,,,,,,,,,,,,,,,,,,,,
55,https://fastly.tubi.video/8084ee92-eeaa-493f-850f-8512a88c2b22/cdtd3n54/segment-55.ts,1576429727.04,1576429727.7619998,55,0.668,230277,2.7578083832335327,0,0,2.523511,186.34,188.86,0,764065.0,45.07414582278482,,,,,,,,,,,,,,,,,,,,,
56,https://fastly.tubi.video/8084ee92-eeaa-493f-850f-8512a88c2b22/cdtd3n54/segment-56.ts,1576429727.772,1576429728.43,56,0.606,213768,2.822019801980198,0,0,2.481267,188.86,191.34,0,728582.0,30.588096375,,,,,,,,,,,,,,,,,,,,,
57,https://fastly.tubi.video/8084ee92-eeaa-493f-850f-8512a88c2b22/cdtd3n54/segment-57.ts,1576429728.445,1576429729.3569999,57,0.856,294264,2.750130841121495,0,0,2.860855,191.34,194.2,0,859021.0,45.517027374999984,,,,,,,,,,,,,,,,,,,,,
58,https://fastly.tubi.video/8084ee92-eeaa-493f-850f-8512a88c2b22/cdtd3n54/segment-58.ts,1576429729.372,1576429730.478,58,1.045,360665,2.761071770334928,0,0,3.8699230000000004,194.2,198.07,0,778053.0,51.127441012658224,,,,,,,,,,,,,,,,,,,,,
59,https://fastly.tubi.video/8084ee92-eeaa-493f-850f-8512a88c2b22/cdtd3n54/segment-59.ts,1576429730.495,1576429731.8869998,59,1.34,359497,2.146250746268657,0,0,4.065855,198.07,202.14,0,740559.0,52.516493999999994,,,,,,,,,,,,,,,,,,,,,
60,https://fastly.tubi.video/8084ee92-eeaa-493f-850f-8512a88c2b22/cdtd3n54/segment-60.ts,1576429731.909,1576429732.471,60,0.546,195120,2.8589010989010983,0,0,2.282555,202.14,204.42,0,718212.0,60.53311164556961,,,,,,,,,,,,,,,,,,,,,
61,https://fastly.tubi.video/8084ee92-eeaa-493f-850f-8512a88c2b22/cdtd3n54/segment-61.ts,1576429732.486,1576429733.673,61,1.055,363253,2.7545251184834125,0,0,4.080655999999999,204.42,208.5,0,743770.0,57.33520100000001,,,,,,,,,,,,,,,,,,,,,
62,https://fastly.tubi.video/8084ee92-eeaa-493f-850f-8512a88c2b22/jaq09p16/segment-62.ts,1576429733.691,1576429734.881,62,1.135,400178,2.820637885462555,0,0,2.2741439999999997,208.5,210.77,1,1450996.0,65.81295189873417,,,,,,,,,,,,,,,,,,,,,
63,https://fastly.tubi.video/8084ee92-eeaa-493f-850f-8512a88c2b22/jaq09p16/segment-63.ts,1576429734.896,1576429736.9229999,63,1.972,672826,2.7295172413793103,0,0,3.8220099999999997,210.77,214.59,1,1448904.0,41.918884499999976,,,,,,,,,,,,,,,,,,,,,
64,https://fastly.tubi.video/8084ee92-eeaa-493f-850f-8512a88c2b22/jaq09p16/segment-64.ts,1576429736.962,1576429739.211,64,2.193,684843,2.4982872777017784,0,0,4.064367,214.6,218.66,1,1380269.0,27.015398875,,,,,,,,,,,,,,,,,,,,,
65,https://fastly.tubi.video/8084ee92-eeaa-493f-850f-8512a88c2b22/jaq09p16/segment-65.ts,1576429739.24,1576429741.142,65,1.848,645555,2.7946103896103893,0,0,3.8660010000000002,218.66,222.53,1,1370172.0,61.00966430379746,,,,,,,,,,,,,,,,,,,,,
66,https://fastly.tubi.video/8084ee92-eeaa-493f-850f-8512a88c2b22/jaq09p16/segment-66.ts,1576429741.163,1576429742.243,66,1.027,404551,3.1513222979552094,0,0,2.291677,222.53,224.82,1,1450396.0,71.86907599999998,,,,,,,,,,,,,,,,,,,,,
67,https://fastly.tubi.video/8084ee92-eeaa-493f-850f-8512a88c2b22/jaq09p16/segment-67.ts,1576429742.273,1576429744.103,67,1.77,652970,2.9512768361581916,0,0,4.066567,224.82,228.89,1,1320347.0,66.70650873417723,,,,,,,,,,,,,,,,,,,,,
68,https://fastly.tubi.video/8084ee92-eeaa-493f-850f-8512a88c2b22/jaq09p16/segment-68.ts,1576429744.134,1576429746.082,68,1.8860000000000001,668500,2.835630965005302,0,0,4.076734,228.89,232.97,1,1346568.0,65.53858100000001,,,,,,,,,,,,,,,,,,,,,
69,https://fastly.tubi.video/8084ee92-eeaa-493f-850f-8512a88c2b22/jaq09p16/segment-69.ts,1576429746.105,1576429747.211,69,1.058,396833,3.000627599243856,0,0,2.0849,232.96,235.04,1,1571160.0,34.698247374999966,,,,,,,,,,,,,,,,,,,,,
70,https://fastly.tubi.video/8084ee92-eeaa-493f-850f-8512a88c2b22/jaq09p16/segment-70.ts,1576429747.228,1576429749.504,70,2.228,752725,2.7027827648114897,0,0,4.068767,235.05,239.12,1,1514805.0,48.04412,,,,,,,,,,,,,,,,,,,,,
71,https://fastly.tubi.video/8084ee92-eeaa-493f-850f-8512a88c2b22/jaq09p16/segment-71.ts,1576429749.533,1576429750.809,71,1.214,409449,2.698181219110379,0,0,3.1196450000000002,239.12,242.24,1,1088595.0,79.08936899999998,,,,,,,,,,,,,,,,,,,,,
72,https://fastly.tubi.video/8084ee92-eeaa-493f-850f-8512a88c2b22/jaq09p16/segment-72.ts,1576429750.842,1576429752.48,72,1.587,562070,2.833371140516698,0,0,3.039123,242.24,245.28,1,1513341.0,70.75001379746834,,,,,,,,,,,,,,,,,,,,,
73,https://fastly.tubi.video/8084ee92-eeaa-493f-850f-8512a88c2b22/jaq09p16/segment-73.ts,1576429752.506,1576429754.265,73,1.708,544862,2.552046838407494,0,0,3.4453449999999997,245.27,248.72,1,1306973.0,74.1998265,,,,,,,,,,,,,,,,,,,,,
74,https://fastly.tubi.video/8084ee92-eeaa-493f-850f-8512a88c2b22/jaq09p16/segment-74.ts,1576429754.279,1576429756.198,74,1.863,578215,2.4829414922168542,0,0,3.4568220000000003,248.72,252.18,1,1379208.0,34.68954202531645,,,,,,,,,,,,,,,,,,,,,
75,https://fastly.tubi.video/8084ee92-eeaa-493f-850f-8512a88c2b22/jaq09p16/segment-75.ts,1576429756.219,1576429758.0630002,75,1.792,608792,2.7178214285714284,0,0,3.319955,252.18,255.5,1,1501302.0,39.53854862499999,,,,,,,,,,,,,,,,,,,,,
76,https://fastly.tubi.video/8084ee92-eeaa-493f-850f-8512a88c2b22/jaq09p16/segment-76.ts,1576429758.081,1576429760.062,76,1.932,670338,2.7757267080745343,0,0,4.073167,255.5,259.57,1,1353655.0,66.37371987499999,,,,,,,,,,,,,,,,,,,,,
77,https://fastly.tubi.video/8084ee92-eeaa-493f-850f-8512a88c2b22/jaq09p16/segment-77.ts,1576429760.087,1576429762.27,77,2.13,701155,2.6334460093896714,0,0,4.083334,259.57,263.65,1,1409217.0,54.827441265822785,,,,,,,,,,,,,,,,,,,,,
78,https://fastly.tubi.video/8084ee92-eeaa-493f-850f-8512a88c2b22/jaq09p16/segment-78.ts,1576429762.296,1576429763.315,78,0.972,356236,2.93198353909465,0,0,2.0265779999999998,263.65,265.68,1,1450137.0,38.01135850000001,,,,,,,,,,,,,,,,,,,,,
79,https://fastly.tubi.video/8084ee92-eeaa-493f-850f-8512a88c2b22/jaq09p16/segment-79.ts,1576429763.326,1576429765.451,79,2.072,672671,2.5971853281853283,0,0,4.080089,265.68,269.76,1,1351358.0,5.2987526582278495,,,,,,,,,,,,,,,,,,,,,
80,https://fastly.tubi.video/8084ee92-eeaa-493f-850f-8512a88c2b22/jaq09p16/segment-80.ts,1576429765.489,1576429767.575,80,2.037,662523,2.6019558173784976,0,0,4.067044999999999,269.76,273.83,1,1337942.0,27.556715624999992,,,,,,,,,,,,,,,,,,,,,
81,https://fastly.tubi.video/8084ee92-eeaa-493f-850f-8512a88c2b22/jaq09p16/segment-81.ts,1576429767.604,1576429769.171,81,1.52,407350,2.1439473684210526,0,0,2.075212,273.83,275.91,1,1613282.0,41.357145749999994,,,,,,,,,,,,,,,,,,,,,
82,https://fastly.tubi.video/8084ee92-eeaa-493f-850f-8512a88c2b22/jaq09p16/segment-82.ts,1576429769.216,1576429772.158,82,2.882,679947,1.8874309507286604,0,0,4.040589,275.9,279.94,1,1382436.0,47.2966529113924,,,,,,,,,,,,,,,,,,,,,
83,https://fastly.tubi.video/8084ee92-eeaa-493f-850f-8512a88c2b22/jaq09p16/segment-83.ts,1576429772.174,1576429775.011,83,2.77,691787,1.9979407942238265,0,0,4.073976999999999,279.94,284.01,1,1394733.0,42.66891062500001,,,,,,,,,,,,,,,,,,,,,
84,https://fastly.tubi.video/8084ee92-eeaa-493f-850f-8512a88c2b22/jaq09p16/segment-84.ts,1576429775.033,1576429776.506,84,1.415,379380,2.144904593639576,0,0,2.123844,284.02,286.14,1,1463037.0,40.770225822784816,,,,,,,,,,,,,,,,,,,,,
85,https://fastly.tubi.video/8084ee92-eeaa-493f-850f-8512a88c2b22/jaq09p16/segment-85.ts,1576429776.521,1576429778.166,85,1.582,441407,2.2321466498103666,0,0,2.749822,286.14,288.89,1,1313760.0,75.36587462500002,,,,,,,,,,,,,,,,,,,,,
86,https://fastly.tubi.video/8084ee92-eeaa-493f-850f-8512a88c2b22/jaq09p16/segment-86.ts,1576429778.183,1576429780.736,86,2.487,635258,2.043451548049859,0,0,3.958412,288.89,292.85,1,1313868.0,73.21943299999997,,,,,,,,,,,,,,,,,,,,,
87,https://fastly.tubi.video/8084ee92-eeaa-493f-850f-8512a88c2b22/jaq09p16/segment-87.ts,1576429780.755,1576429783.292,87,2.479,649939,2.0974231544977813,0,0,3.542467,292.85,296.39,1,1502103.0,42.69152949367089,,,,,,,,,,,,,,,,,,,,,
88,https://fastly.tubi.video/8084ee92-eeaa-493f-850f-8512a88c2b22/jaq09p16/segment-88.ts,1576429783.319,1576429785.59,88,2.206,682061,2.473475974614687,0,0,4.044989,296.39,300.43,1,1386881.0,61.93196912499998,,,,,,,,,,,,,,,,,,,,,
89,https://fastly.tubi.video/8084ee92-eeaa-493f-850f-8512a88c2b22/jaq09p16/segment-89.ts,1576429785.618,1576429787.572,89,1.901,673037,2.8323492898474485,0,0,4.078377,300.44,304.52,1,1351926.0,52.28311189873417,,,,,,,,,,,,,,,,,,,,,
90,https://fastly.tubi.video/8084ee92-eeaa-493f-850f-8512a88c2b22/jaq09p16/segment-90.ts,1576429787.589,1576429788.585,90,0.9470000000000001,375233,3.1698669482576554,0,0,2.0633220000000003,304.51,306.57,1,1494289.0,56.06499612500002,,,,,,,,,,,,,,,,,,,,,
91,https://fastly.tubi.video/8084ee92-eeaa-493f-850f-8512a88c2b22/jaq09p16/segment-91.ts,1576429788.601,1576429790.496,91,1.844,667799,2.8971757049891536,0,0,4.0704,306.58,310.65,1,1348663.0,38.20446189873417,,,,,,,,,,,,,,,,,,,,,
92,https://fastly.tubi.video/8084ee92-eeaa-493f-850f-8512a88c2b22/jaq09p16/segment-92.ts,1576429790.512,1576429791.825,92,1.264,431754,2.7326202531645567,0,0,2.4956549999999997,310.65,313.15,1,1418631.0,62.24167075000001,,,,,,,,,,,,,,,,,,,,,
93,https://fastly.tubi.video/8084ee92-eeaa-493f-850f-8512a88c2b22/jaq09p16/segment-93.ts,1576429791.847,1576429793.691,93,1.795,641620,2.8595877437325905,0,0,3.6676889999999998,313.14,316.81,1,1437696.0,25.598825499999997,,,,,,,,,,,,,,,,,,,,,
94,https://fastly.tubi.video/8084ee92-eeaa-493f-850f-8512a88c2b22/jaq09p16/segment-94.ts,1576429793.71,1576429796.155,94,2.31,683680,2.3677229437229435,0,0,4.0726,316.81,320.88,1,1377478.0,67.75735670886077,,,,,,,,,,,,,,,,,,,,,
95,https://fastly.tubi.video/8084ee92-eeaa-493f-850f-8512a88c2b22/jaq09p16/segment-95.ts,1576429796.174,1576429798.279,95,2.052,685998,2.6744561403508773,0,0,4.082766,320.88,324.96,1,1374048.0,62.834112875,,,,,,,,,,,,,,,,,,,,,
96,https://fastly.tubi.video/8084ee92-eeaa-493f-850f-8512a88c2b22/jaq09p16/segment-96.ts,1576429798.298,1576429799.4980001,96,1.1460000000000001,386697,2.6994554973821985,0,0,2.067711,324.97,327.04,1,1537669.0,61.910867594936725,,,,,,,,,,,,,,,,,,,,,
97,https://fastly.tubi.video/8084ee92-eeaa-493f-850f-8512a88c2b22/jaq09p16/segment-97.ts,1576429799.522,1576429801.1690001,97,1.596,576027,2.8873533834586462,0,0,3.699433,327.03,330.73,1,1282254.0,68.77679462500001,,,,,,,,,,,,,,,,,,,,,
98,https://fastly.tubi.video/8084ee92-eeaa-493f-850f-8512a88c2b22/jaq09p16/segment-98.ts,1576429801.193,1576429805.711,98,4.466,689285,1.2347245857590683,0,0,4.081123000000001,330.73,334.81,1,1386394.0,56.383865625,,,,,,,,,,,,,,,,,,,,,
99,https://fastly.tubi.video/8084ee92-eeaa-493f-850f-8512a88c2b22/jaq09p16/segment-99.ts,1576429805.73,1576429808.713,99,2.961,456811,1.2342073623775751,0,0,2.441434,334.82,337.26,1,1538846.0,63.12808949367089,,,,,,,,,,,,,,,,,,,,,
100,https://fastly.tubi.video/8084ee92-eeaa-493f-850f-8512a88c2b22/jaq09p16/segment-100.ts,1576429808.73,1576429812.698,100,3.92,678384,1.3844571428571428,0,0,4.077,337.26,341.34,1,1364187.0,54.61046687499999,,,,,,,,,,,,,,,,,,,,,
101,https://fastly.tubi.video/8084ee92-eeaa-493f-850f-8512a88c2b22/cdtd3n54/segment-101.ts,1576429812.729,1576429813.5270002,101,0.779,132907,1.3648985879332476,0,0,2.210299,341.33,343.54,0,523947.0,65.25249873417721,,,,,,,,,,,,,,,,,,,,,
102,https://fastly.tubi.video/8084ee92-eeaa-493f-850f-8512a88c2b22/cdtd3n54/segment-102.ts,1576429813.537,1576429815.218,102,1.522,285530,1.500814717477004,0,0,3.9112339999999994,343.54,347.45,0,616022.0,30.811366375,,,,,,,,,,,,,,,,,,,,,
103,https://fastly.tubi.video/8084ee92-eeaa-493f-850f-8512a88c2b22/cdtd3n54/segment-103.ts,1576429815.231,1576429817.326,103,2.075,355605,1.3710072289156625,0,0,4.083922,347.46,351.54,0,725498.0,54.03701810126582,,,,,,,,,,,,,,,,,,,,,
104,https://fastly.tubi.video/8084ee92-eeaa-493f-850f-8512a88c2b22/cdtd3n54/segment-104.ts,1576429817.342,1576429819.161,104,1.799,308905,1.373674263479711,0,0,4.0708779999999996,351.54,355.61,0,639154.0,68.9694925,,,,,,,,,,,,,,,,,,,,,
105,https://fastly.tubi.video/8084ee92-eeaa-493f-850f-8512a88c2b22/cdtd3n54/segment-105.ts,1576429819.175,1576429819.839,105,0.644,152843,1.8986708074534162,0,0,2.0790439999999997,355.61,357.69,0,626472.0,47.50642412500001,,,,,,,,,,,,,,,,,,,,,
106,https://fastly.tubi.video/8084ee92-eeaa-493f-850f-8512a88c2b22/cdtd3n54/segment-106.ts,1576429819.849,1576429820.706,106,0.806,327009,3.245746898263027,0,0,4.0861220000000005,357.69,361.78,0,672105.0,37.62267898734178,,,,,,,,,,,,,,,,,,,,,
107,https://fastly.tubi.video/8084ee92-eeaa-493f-850f-8512a88c2b22/cdtd3n54/segment-107.ts,1576429820.721,1576429821.269,107,0.496,204763,3.3026290322580647,0,0,3.322333,361.78,365.1,0,529651.0,52.362844625,,,,,,,,,,,,,,,,,,,,,
108,https://fastly.tubi.video/8084ee92-eeaa-493f-850f-8512a88c2b22/cdtd3n54/segment-108.ts,1576429821.281,1576429821.866,108,0.535,213907,3.198609345794392,0,0,2.824278,365.1,367.92,0,640095.0,31.17067873417722,,,,,,,,,,,,,,,,,,,,,
109,https://fastly.tubi.video/8084ee92-eeaa-493f-850f-8512a88c2b22/cdtd3n54/segment-109.ts,1576429823.603,1576429824.949,109,1.317,273389,1.6606772968868642,0,0,4.0651,367.92,371.99,0,569027.0,46.56989387500001,,,,,,,,,,,,,,,,,,,,,
110,https://fastly.tubi.video/8084ee92-eeaa-493f-850f-8512a88c2b22/cdtd3n54/segment-110.ts,1576429827.502,1576429828.263,110,0.714,144282,1.6166050420168068,0,0,2.114989,371.99,374.1,0,581691.0,78.45696774999998,,,,,,,,,,,,,,,,,,,,,
111,https://fastly.tubi.video/8084ee92-eeaa-493f-850f-8512a88c2b22/cdtd3n54/segment-111.ts,1576429829.602,1576429831.312,111,1.682,233886,1.1124185493460166,0,0,4.0339220000000005,374.1,378.13,0,495874.0,77.25642151898738,,,,,,,,,,,,,,,,,,,,,
112,https://fastly.tubi.video/8084ee92-eeaa-493f-850f-8512a88c2b22/cdtd3n54/segment-112.ts,1576429833.609,1576429834.572,112,0.9470000000000001,209747,1.771885955649419,0,0,2.816055,378.14,380.96,0,633419.0,54.294030500000005,,,,,,,,,,,,,,,,,,,,,
113,https://fastly.tubi.video/8084ee92-eeaa-493f-850f-8512a88c2b22/cdtd3n54/segment-113.ts,1576429836.309,1576429837.511,113,1.169,316009,2.1625936698032504,0,0,4.0801110000000005,380.95,385.03,0,655401.0,55.84421164556963,,,,,,,,,,,,,,,,,,,,,
114,https://fastly.tubi.video/8084ee92-eeaa-493f-850f-8512a88c2b22/cdtd3n54/segment-114.ts,1576429840.303,1576429843.053,114,2.685,254205,0.7574078212290503,0,0,3.2746,385.03,388.3,0,654951.0,61.78983325,,,,,,,,,,,,,,,,,,,,,
115,https://fastly.tubi.video/8084ee92-eeaa-493f-850f-8512a88c2b22/cdtd3n54/segment-115.ts,1576429843.502,1576429846.3460002,115,2.806,293409,0.8365188880969351,0,0,4.074233,388.31,392.38,0,609096.0,67.08844037500003,,,,,,,,,,,,,,,,,,,,,
116,https://fastly.tubi.video/8084ee92-eeaa-493f-850f-8512a88c2b22/cdtd3n54/segment-116.ts,1576429847.505,1576429849.5,116,1.969,332362,1.350378872524124,0,0,4.0844,392.38,396.46,0,684171.0,63.66120430379746,,,,,,,,,,,,,,,,,,,,,
117,https://fastly.tubi.video/8084ee92-eeaa-493f-850f-8512a88c2b22/cdtd3n54/segment-117.ts,1576429851.502,1576429852.4940002,117,0.975,157427,1.2917087179487179,0,0,2.069344,396.47,398.54,0,652666.0,62.84274862500003,,,,,,,,,,,,,,,,,,,,,
118,https://fastly.tubi.video/8084ee92-eeaa-493f-850f-8512a88c2b22/cdtd3n54/segment-118.ts,1576429853.503,1576429855.488,118,1.937,314102,1.2972720702116673,0,0,4.076433,398.53,402.61,0,650089.0,69.13005734177214,,,,,,,,,,,,,,,,,,,,,
119,https://fastly.tubi.video/8084ee92-eeaa-493f-850f-8512a88c2b22/cdtd3n54/segment-119.ts,1576429857.502,1576429858.969,119,1.447,322570,1.7833863165169312,0,0,4.0866,402.61,406.7,0,666138.0,53.32802912500002,,,,,,,,,,,,,,,,,,,,,
120,https://fastly.tubi.video/8084ee92-eeaa-493f-850f-8512a88c2b22/cdtd3n54/segment-120.ts,1576429861.502,1576429862.713,120,1.181,185689,1.2578425063505503,0,0,2.071544,406.7,408.77,0,756521.0,55.680364050632896,,,,,,,,,,,,,,,,,,,,,
121,https://fastly.tubi.video/8084ee92-eeaa-493f-850f-8512a88c2b22/cdtd3n54/segment-121.ts,1576429863.502,1576429865.032,121,1.512,354224,1.8742010582010582,0,0,4.078633,408.77,412.85,0,726439.0,44.156711125,,,,,,,,,,,,,,,,,,,,,
122,https://fastly.tubi.video/8084ee92-eeaa-493f-850f-8512a88c2b22/cdtd3n54/segment-122.ts,1576429867.602,1576429869.87,122,2.22,376864,1.3580684684684683,0,0,3.982167,412.85,416.83,0,792380.0,42.20974149999999,,,,,,,,,,,,,,,,,,,,,
123,https://fastly.tubi.video/8084ee92-eeaa-493f-850f-8512a88c2b22/cdtd3n54/segment-123.ts,1576429871.502,1576429872.352,123,0.8320000000000001,171583,1.649836538461538,0,0,2.166633,416.83,419.0,0,667786.0,50.64131569620253,,,,,,,,,,,,,,,,,,,,,
124,https://fastly.tubi.video/8084ee92-eeaa-493f-850f-8512a88c2b22/cdtd3n54/segment-124.ts,1576429873.502,1576429875.482,124,1.917,312856,1.3056066770996346,0,0,3.496922,419.0,422.5,0,750941.0,51.45082512500001,,,,,,,,,,,,,,,,,,,,,
125,https://fastly.tubi.video/8084ee92-eeaa-493f-850f-8512a88c2b22/cdtd3n54/segment-125.ts,1576429877.002,1576429878.826,125,1.6460000000000001,317880,1.5449817739975698,0,0,4.064367,422.49,426.55,0,657940.0,61.730289367088616,,,,,,,,,,,,,,,,,,,,,
126,https://fastly.tubi.video/8084ee92-eeaa-493f-850f-8512a88c2b22/cdtd3n54/segment-126.ts,1576429881.008,1576429882.129,126,1.085,227245,1.6755391705069125,0,0,2.614744,426.56,429.17,0,728202.0,62.02912725000001,,,,,,,,,,,,,,,,,,,,,
127,https://fastly.tubi.video/8084ee92-eeaa-493f-850f-8512a88c2b22/cdtd3n54/segment-127.ts,1576429883.503,1576429884.892,127,1.369,284968,1.6652622352081812,0,0,4.064544000000001,429.17,433.23,0,592786.0,63.380744125,,,,,,,,,,,,,,,,,,,,,
128,https://fastly.tubi.video/8084ee92-eeaa-493f-850f-8512a88c2b22/cdtd3n54/segment-128.ts,1576429887.513,1576429889.672,128,2.142,359586,1.3429915966386554,0,0,4.074711,433.24,437.31,0,738950.0,67.82792354430383,,,,,,,,,,,,,,,,,,,,,
129,https://fastly.tubi.video/8084ee92-eeaa-493f-850f-8512a88c2b22/cdtd3n54/segment-129.ts,1576429891.502,1576429892.1590002,129,0.638,180294,2.2607398119122255,0,0,2.082878,437.31,439.39,0,729298.0,65.840892625,,,,,,,,,,,,,,,,,,,,,
130,https://fastly.tubi.video/8084ee92-eeaa-493f-850f-8512a88c2b22/cdtd3n54/segment-130.ts,1576429893.502,1576429895.618,130,2.09,311110,1.1908516746411484,0,0,4.066744,439.39,443.46,0,645721.0,68.65402379746834,,,,,,,,,,,,,,,,,,,,,
131,https://fastly.tubi.video/8084ee92-eeaa-493f-850f-8512a88c2b22/cdtd3n54/segment-131.ts,1576429897.504,1576429899.596,131,2.066,296828,1.1493823814133592,0,0,4.076911,443.46,447.54,0,614598.0,70.067768375,,,,,,,,,,,,,,,,,,,,,
132,https://fastly.tubi.video/8084ee92-eeaa-493f-850f-8512a88c2b22/cdtd3n54/segment-132.ts,1576429901.504,1576429902.422,132,0.884,204324,1.8490859728506785,0,0,2.0850779999999998,447.54,449.63,0,820857.0,57.47718024999999,,,,,,,,,,,,,,,,,,,,,
133,https://fastly.tubi.video/8084ee92-eeaa-493f-850f-8512a88c2b22/cdtd3n54/segment-133.ts,1576429903.501,1576429904.972,133,1.441,388484,2.1567467036780013,0,0,3.985533,449.62,453.61,0,799138.0,22.76128240506329,,,,,,,,,,,,,,,,,,,,,
134,https://fastly.tubi.video/8084ee92-eeaa-493f-850f-8512a88c2b22/cdtd3n54/segment-134.ts,1576429907.502,1576429909.216,134,1.698,253270,1.1932626619552416,0,0,2.855811,453.61,456.47,0,769771.0,30.612924624999994,,,,,,,,,,,,,,,,,,,,,
135,https://fastly.tubi.video/8084ee92-eeaa-493f-850f-8512a88c2b22/cdtd3n54/segment-135.ts,1576429910.302,1576429910.925,135,0.607,292924,3.8606128500823718,0,0,3.364378,456.46,459.82,0,730457.0,59.324850632911385,,,,,,,,,,,,,,,,,,,,,
136,https://fastly.tubi.video/8084ee92-eeaa-493f-850f-8512a88c2b22/cdtd3n54/segment-136.ts,1576429913.612,1576429914.247,136,0.619,298647,3.859735056542811,0,0,4.071144,459.83,463.9,0,621380.0,71.758648,,,,,,,,,,,,,,,,,,,,,
137,https://fastly.tubi.video/8084ee92-eeaa-493f-850f-8512a88c2b22/cdtd3n54/segment-137.ts,1576429917.514,1576429918.5119998,137,0.9560000000000001,224292,1.87692050209205,0,0,4.081311,463.9,467.98,0,472428.0,75.02258873417722,,,,,,,,,,,,,,,,,,,,,
138,https://fastly.tubi.video/8084ee92-eeaa-493f-850f-8512a88c2b22/cdtd3n54/segment-138.ts,1576429921.607,1576429922.028,138,0.376,119195,2.536063829787234,0,0,2.024556,467.98,470.0,0,500700.0,73.92175262500002,,,,,,,,,,,,,,,,,,,,,
139,https://fastly.tubi.video/8084ee92-eeaa-493f-850f-8512a88c2b22/cdtd3n54/segment-139.ts,1576429923.502,1576429924.604,139,1.068,237103,1.7760524344569286,0,0,4.078067,470.01,474.09,0,496407.0,72.77017612499998,,,,,,,,,,,,,,,,,,,,,
140,https://fastly.tubi.video/8084ee92-eeaa-493f-850f-8512a88c2b22/cdtd3n54/segment-140.ts,1576429927.507,1576429928.873,140,1.324,254282,1.5364471299093656,0,0,4.065011,474.08,478.15,0,533520.0,71.61271974683547,,,,,,,,,,,,,,,,,,,,,
141,https://fastly.tubi.video/8084ee92-eeaa-493f-850f-8512a88c2b22/cdtd3n54/segment-141.ts,1576429931.507,1576429932.009,141,0.482,115816,1.9222572614107882,0,0,2.073178,478.15,480.22,0,488957.0,78.80381550000001,,,,,,,,,,,,,,,,,,,,,
142,https://fastly.tubi.video/8084ee92-eeaa-493f-850f-8512a88c2b22/cdtd3n54/segment-142.ts,1576429933.502,1576429934.137,142,0.607,210037,2.768197693574959,0,0,4.080267,480.22,484.3,0,448958.0,76.50831367088605,,,,,,,,,,,,,,,,,,,,,
143,https://fastly.tubi.video/8084ee92-eeaa-493f-850f-8512a88c2b22/cdtd3n54/segment-143.ts,1576429937.508,1576429938.135,143,0.612,265179,3.466392156862745,0,0,4.067211,484.3,488.37,0,556898.0,83.57885,,,,,,,,,,,,,,,,,,,,,
